0 6.05618
0.003003 6.05301
0.00600601 6.04984
0.00900901 6.04666
0.012012 6.04349
0.015015 6.04031
0.018018 6.03714
0.021021 6.03396
0.024024 6.03078
0.027027 6.02761
0.03003 6.02443
0.033033 6.02125
0.036036 6.01807
0.039039 6.01489
0.042042 6.0117
0.045045 6.00852
0.048048 6.00534
0.0510511 6.00215
0.0540541 5.99897
0.0570571 5.99578
0.0600601 5.99259
0.0630631 5.98941
0.0660661 5.98622
0.0690691 5.98303
0.0720721 5.97984
0.0750751 5.97665
0.0780781 5.97346
0.0810811 5.97027
0.0840841 5.96707
0.0870871 5.96388
0.0900901 5.96069
0.0930931 5.95749
0.0960961 5.9543
0.0990991 5.9511
0.102102 5.9479
0.105105 5.9447
0.108108 5.9415
0.111111 5.9383
0.114114 5.9351
0.117117 5.9319
0.12012 5.9287
0.123123 5.9255
0.126126 5.9223
0.129129 5.91909
0.132132 5.91589
0.135135 5.91268
0.138138 5.90947
0.141141 5.90627
0.144144 5.90306
0.147147 5.89985
0.15015 5.89664
0.153153 5.89343
0.156156 5.89022
0.159159 5.88701
0.162162 5.88379
0.165165 5.88058
0.168168 5.87737
0.171171 5.87415
0.174174 5.87094
0.177177 5.86772
0.18018 5.8645
0.183183 5.86129
0.186186 5.85807
0.189189 5.85485
0.192192 5.85163
0.195195 5.84841
0.198198 5.84518
0.201201 5.84196
0.204204 5.83874
0.207207 5.83551
0.21021 5.83229
0.213213 5.82906
0.216216 5.82584
0.219219 5.82261
0.222222 5.81938
0.225225 5.81615
0.228228 5.81293
0.231231 5.8097
0.234234 5.80646
0.237237 5.80323
0.24024 5.8
0.243243 5.79677
0.246246 5.79353
0.249249 5.7903
0.252252 5.78706
0.255255 5.78383
0.258258 5.78059
0.261261 5.77735
0.264264 5.77411
0.267267 5.77087
0.27027 5.76763
0.273273 5.76439
0.276276 5.76115
0.279279 5.75791
0.282282 5.75467
0.285285 5.75142
0.288288 5.74818
0.291291 5.74493
0.294294 5.74169
0.297297 5.73844
0.3003 5.73519
0.303303 5.73194
0.306306 5.72869
0.309309 5.72544
0.312312 5.72219
0.315315 5.71894
0.318318 5.71569
0.321321 5.71244
0.324324 5.70918
0.327327 5.70593
0.33033 5.70267
0.333333 5.69942
0.336336 5.69616
0.339339 5.6929
0.342342 5.68965
0.345345 5.68639
0.348348 5.68313
0.351351 5.67987
0.354354 5.6766
0.357357 5.67334
0.36036 5.67008
0.363363 5.66682
0.366366 5.66355
0.369369 5.66029
0.372372 5.65702
0.375375 5.65375
0.378378 5.65049
0.381381 5.64722
0.384384 5.64395
0.387387 5.64068
0.39039 5.63741
0.393393 5.63414
0.396396 5.63087
0.399399 5.62759
0.402402 5.62432
0.405405 5.62104
0.408408 5.61777
0.411411 5.61449
0.414414 5.61122
0.417417 5.60794
0.42042 5.60466
0.423423 5.60138
0.426426 5.5981
0.429429 5.59482
0.432432 5.59154
0.435435 5.58826
0.438438 5.58498
0.441441 5.58169
0.444444 5.57841
0.447447 5.57512
0.45045 5.57184
0.453453 5.56855
0.456456 5.56526
0.459459 5.56198
0.462462 5.55869
0.465465 5.5554
0.468468 5.55211
0.471471 5.54882
0.474474 5.54553
0.477477 5.54223
0.48048 5.53894
0.483483 5.53564
0.486486 5.53235
0.489489 5.52905
0.492492 5.52576
0.495495 5.52246
0.498498 5.51916
0.501502 5.51586
0.504505 5.51256
0.507508 5.50926
0.510511 5.50596
0.513514 5.50266
0.516517 5.49936
0.51952 5.49606
0.522523 5.49275
0.525526 5.48945
0.528529 5.48614
0.531532 5.48284
0.534535 5.47953
0.537538 5.47622
0.540541 5.47291
0.543544 5.4696
0.546547 5.46629
0.54955 5.46298
0.552553 5.45967
0.555556 5.45636
0.558559 5.45304
0.561562 5.44973
0.564565 5.44642
0.567568 5.4431
0.570571 5.43978
0.573574 5.43647
0.576577 5.43315
0.57958 5.42983
0.582583 5.42651
0.585586 5.42319
0.588589 5.41987
0.591592 5.41655
0.594595 5.41323
0.597598 5.4099
0.600601 5.40658
0.603604 5.40325
0.606607 5.39993
0.60961 5.3966
0.612613 5.39328
0.615616 5.38995
0.618619 5.38662
0.621622 5.38329
0.624625 5.37996
0.627628 5.37663
0.630631 5.3733
0.633634 5.36997
0.636637 5.36663
0.63964 5.3633
0.642643 5.35996
0.645646 5.35663
0.648649 5.35329
0.651652 5.34996
0.654655 5.34662
0.657658 5.34328
0.660661 5.33994
0.663664 5.3366
0.666667 5.33326
0.66967 5.32992
0.672673 5.32658
0.675676 5.32323
0.678679 5.31989
0.681682 5.31655
0.684685 5.3132
0.687688 5.30986
0.690691 5.30651
0.693694 5.30316
0.696697 5.29981
0.6997 5.29646
0.702703 5.29311
0.705706 5.28976
0.708709 5.28641
0.711712 5.28306
0.714715 5.27971
0.717718 5.27635
0.720721 5.273
0.723724 5.26964
0.726727 5.26629
0.72973 5.26293
0.732733 5.25957
0.735736 5.25622
0.738739 5.25286
0.741742 5.2495
0.744745 5.24614
0.747748 5.24278
0.750751 5.23941
0.753754 5.23605
0.756757 5.23269
0.75976 5.22932
0.762763 5.22596
0.765766 5.22259
0.768769 5.21923
0.771772 5.21586
0.774775 5.21249
0.777778 5.20912
0.780781 5.20575
0.783784 5.20238
0.786787 5.19901
0.78979 5.19564
0.792793 5.19227
0.795796 5.18889
0.798799 5.18552
0.801802 5.18214
0.804805 5.17877
0.807808 5.17539
0.810811 5.17201
0.813814 5.16864
0.816817 5.16526
0.81982 5.16188
0.822823 5.1585
0.825826 5.15512
0.828829 5.15173
0.831832 5.14835
0.834835 5.14497
0.837838 5.14158
0.840841 5.1382
0.843844 5.13481
0.846847 5.13143
0.84985 5.12804
0.852853 5.12465
0.855856 5.12126
0.858859 5.11787
0.861862 5.11448
0.864865 5.11109
0.867868 5.1077
0.870871 5.10431
0.873874 5.10092
0.876877 5.09752
0.87988 5.09413
0.882883 5.09073
0.885886 5.08734
0.888889 5.08394
0.891892 5.08054
0.894895 5.07714
0.897898 5.07374
0.900901 5.07034
0.903904 5.06694
0.906907 5.06354
0.90991 5.06014
0.912913 5.05673
0.915916 5.05333
0.918919 5.04993
0.921922 5.04652
0.924925 5.04311
0.927928 5.03971
0.930931 5.0363
0.933934 5.03289
0.936937 5.02948
0.93994 5.02607
0.942943 5.02266
0.945946 5.01925
0.948949 5.01584
0.951952 5.01242
0.954955 5.00901
0.957958 5.0056
0.960961 5.00218
0.963964 4.99876
0.966967 4.99535
0.96997 4.99193
0.972973 4.98851
0.975976 4.98509
0.978979 4.98167
0.981982 4.97825
0.984985 4.97483
0.987988 4.97141
0.990991 4.96799
0.993994 4.96456
0.996997 4.96114
1 4.95771
1.003 4.95429
1.00601 4.95086
1.00901 4.94743
1.01201 4.944
1.01502 4.94056
1.01802 4.93713
1.02102 4.9337
1.02402 4.93026
1.02703 4.92682
1.03003 4.92338
1.03303 4.91994
1.03604 4.91649
1.03904 4.91305
1.04204 4.9096
1.04505 4.90616
1.04805 4.90271
1.05105 4.89926
1.05405 4.8958
1.05706 4.89235
1.06006 4.88889
1.06306 4.88544
1.06607 4.88198
1.06907 4.87852
1.07207 4.87506
1.07508 4.87159
1.07808 4.86813
1.08108 4.86466
1.08408 4.8612
1.08709 4.85773
1.09009 4.85426
1.09309 4.85078
1.0961 4.84731
1.0991 4.84384
1.1021 4.84036
1.10511 4.83688
1.10811 4.8334
1.11111 4.82992
1.11411 4.82644
1.11712 4.82295
1.12012 4.81947
1.12312 4.81598
1.12613 4.81249
1.12913 4.809
1.13213 4.80551
1.13514 4.80201
1.13814 4.79852
1.14114 4.79502
1.14414 4.79153
1.14715 4.78803
1.15015 4.78452
1.15315 4.78102
1.15616 4.77752
1.15916 4.77401
1.16216 4.7705
1.16517 4.767
1.16817 4.76349
1.17117 4.75997
1.17417 4.75646
1.17718 4.75295
1.18018 4.74943
1.18318 4.74591
1.18619 4.74239
1.18919 4.73887
1.19219 4.73535
1.1952 4.73182
1.1982 4.7283
1.2012 4.72477
1.2042 4.72124
1.20721 4.71771
1.21021 4.71418
1.21321 4.71065
1.21622 4.70711
1.21922 4.70358
1.22222 4.70004
1.22523 4.6965
1.22823 4.69296
1.23123 4.68942
1.23423 4.68587
1.23724 4.68233
1.24024 4.67878
1.24324 4.67523
1.24625 4.67168
1.24925 4.66813
1.25225 4.66458
1.25526 4.66103
1.25826 4.65747
1.26126 4.65391
1.26426 4.65035
1.26727 4.64679
1.27027 4.64323
1.27327 4.63967
1.27628 4.6361
1.27928 4.63253
1.28228 4.62897
1.28529 4.6254
1.28829 4.62183
1.29129 4.61825
1.29429 4.61468
1.2973 4.6111
1.3003 4.60753
1.3033 4.60395
1.30631 4.60037
1.30931 4.59678
1.31231 4.5932
1.31532 4.58962
1.31832 4.58603
1.32132 4.58244
1.32432 4.57885
1.32733 4.57526
1.33033 4.57167
1.33333 4.56807
1.33634 4.56448
1.33934 4.56088
1.34234 4.55728
1.34535 4.55368
1.34835 4.55008
1.35135 4.54648
1.35435 4.54287
1.35736 4.53927
1.36036 4.53566
1.36336 4.53205
1.36637 4.52844
1.36937 4.52483
1.37237 4.52121
1.37538 4.5176
1.37838 4.51398
1.38138 4.51036
1.38438 4.50674
1.38739 4.50312
1.39039 4.4995
1.39339 4.49587
1.3964 4.49225
1.3994 4.48862
1.4024 4.48499
1.40541 4.48136
1.40841 4.47773
1.41141 4.47409
1.41441 4.47046
1.41742 4.46682
1.42042 4.46318
1.42342 4.45954
1.42643 4.4559
1.42943 4.45226
1.43243 4.44861
1.43544 4.44497
1.43844 4.44132
1.44144 4.43767
1.44444 4.43402
1.44745 4.43037
1.45045 4.42672
1.45345 4.42306
1.45646 4.4194
1.45946 4.41575
1.46246 4.41209
1.46547 4.40842
1.46847 4.40476
1.47147 4.4011
1.47447 4.39743
1.47748 4.39376
1.48048 4.3901
1.48348 4.38643
1.48649 4.38275
1.48949 4.37908
1.49249 4.37541
1.4955 4.37173
1.4985 4.36805
1.5015 4.36437
1.5045 4.36069
1.50751 4.35701
1.51051 4.35332
1.51351 4.34964
1.51652 4.34595
1.51952 4.34226
1.52252 4.33857
1.52553 4.33488
1.52853 4.33119
1.53153 4.32749
1.53453 4.3238
1.53754 4.3201
1.54054 4.3164
1.54354 4.3127
1.54655 4.309
1.54955 4.30529
1.55255 4.30159
1.55556 4.29788
1.55856 4.29417
1.56156 4.29046
1.56456 4.28675
1.56757 4.28304
1.57057 4.27932
1.57357 4.27561
1.57658 4.27189
1.57958 4.26817
1.58258 4.26445
1.58559 4.26073
1.58859 4.257
1.59159 4.25328
1.59459 4.24955
1.5976 4.24582
1.6006 4.24209
1.6036 4.23836
1.60661 4.23463
1.60961 4.23089
1.61261 4.22716
1.61562 4.22342
1.61862 4.21968
1.62162 4.21594
1.62462 4.2122
1.62763 4.20846
1.63063 4.20471
1.63363 4.20096
1.63664 4.19722
1.63964 4.19347
1.64264 4.18972
1.64565 4.18596
1.64865 4.18221
1.65165 4.17845
1.65465 4.1747
1.65766 4.17094
1.66066 4.16718
1.66366 4.16342
1.66667 4.15965
1.66967 4.15589
1.67267 4.15212
1.67568 4.14835
1.67868 4.14458
1.68168 4.14081
1.68468 4.13704
1.68769 4.13327
1.69069 4.12949
1.69369 4.12571
1.6967 4.12194
1.6997 4.11815
1.7027 4.11437
1.70571 4.11059
1.70871 4.10681
1.71171 4.10302
1.71471 4.09923
1.71772 4.09544
1.72072 4.09165
1.72372 4.08786
1.72673 4.08407
1.72973 4.08027
1.73273 4.07647
1.73574 4.07267
1.73874 4.06887
1.74174 4.06507
1.74474 4.06127
1.74775 4.05747
1.75075 4.05366
1.75375 4.04985
1.75676 4.04604
1.75976 4.04223
1.76276 4.03842
1.76577 4.03461
1.76877 4.03079
1.77177 4.02698
1.77477 4.02316
1.77778 4.01934
1.78078 4.01552
1.78378 4.01169
1.78679 4.00787
1.78979 4.00404
1.79279 4.00022
1.7958 3.99639
1.7988 3.99256
1.8018 3.98872
1.8048 3.98489
1.80781 3.98106
1.81081 3.97722
1.81381 3.97338
1.81682 3.96954
1.81982 3.9657
1.82282 3.96186
1.82583 3.95801
1.82883 3.95417
1.83183 3.95032
1.83483 3.94647
1.83784 3.94262
1.84084 3.93877
1.84384 3.93492
1.84685 3.93106
1.84985 3.92721
1.85285 3.92335
1.85586 3.91949
1.85886 3.91563
1.86186 3.91177
1.86486 3.9079
1.86787 3.90404
1.87087 3.90017
1.87387 3.8963
1.87688 3.89243
1.87988 3.88856
1.88288 3.88469
1.88589 3.88081
1.88889 3.87694
1.89189 3.87306
1.89489 3.86918
1.8979 3.8653
1.9009 3.86142
1.9039 3.85753
1.90691 3.85365
1.90991 3.84976
1.91291 3.84587
1.91592 3.84198
1.91892 3.83809
1.92192 3.8342
1.92492 3.8303
1.92793 3.82641
1.93093 3.82251
1.93393 3.81861
1.93694 3.81471
1.93994 3.81081
1.94294 3.8069
1.94595 3.803
1.94895 3.79909
1.95195 3.79518
1.95495 3.79127
1.95796 3.78736
1.96096 3.78345
1.96396 3.77954
1.96697 3.77562
1.96997 3.7717
1.97297 3.76778
1.97598 3.76386
1.97898 3.75994
1.98198 3.75602
1.98498 3.75209
1.98799 3.74817
1.99099 3.74424
1.99399 3.74031
1.997 3.73638
2 3.73245
2.003 3.72851
2.00601 3.72456
2.00901 3.72061
2.01201 3.71665
2.01502 3.71268
2.01802 3.70871
2.02102 3.70473
2.02402 3.70074
2.02703 3.69674
2.03003 3.69273
2.03303 3.68872
2.03604 3.6847
2.03904 3.68067
2.04204 3.67663
2.04505 3.67259
2.04805 3.66854
2.05105 3.66448
2.05405 3.66041
2.05706 3.65634
2.06006 3.65225
2.06306 3.64817
2.06607 3.64407
2.06907 3.63996
2.07207 3.63585
2.07508 3.63173
2.07808 3.6276
2.08108 3.62347
2.08408 3.61932
2.08709 3.61517
2.09009 3.61102
2.09309 3.60685
2.0961 3.60268
2.0991 3.5985
2.1021 3.59431
2.10511 3.59011
2.10811 3.58591
2.11111 3.58169
2.11411 3.57748
2.11712 3.57325
2.12012 3.56901
2.12312 3.56477
2.12613 3.56052
2.12913 3.55627
2.13213 3.552
2.13514 3.54773
2.13814 3.54345
2.14114 3.53916
2.14414 3.53486
2.14715 3.53056
2.15015 3.52625
2.15315 3.52193
2.15616 3.51761
2.15916 3.51327
2.16216 3.50893
2.16517 3.50458
2.16817 3.50023
2.17117 3.49586
2.17417 3.49149
2.17718 3.48711
2.18018 3.48273
2.18318 3.47833
2.18619 3.47393
2.18919 3.46952
2.19219 3.4651
2.1952 3.46068
2.1982 3.45624
2.2012 3.4518
2.2042 3.44736
2.20721 3.4429
2.21021 3.43844
2.21321 3.43397
2.21622 3.42949
2.21922 3.425
2.22222 3.42051
2.22523 3.41601
2.22823 3.4115
2.23123 3.40698
2.23423 3.40246
2.23724 3.39793
2.24024 3.39339
2.24324 3.38884
2.24625 3.38429
2.24925 3.37972
2.25225 3.37515
2.25526 3.37058
2.25826 3.36599
2.26126 3.3614
2.26426 3.3568
2.26727 3.35219
2.27027 3.34757
2.27327 3.34295
2.27628 3.33832
2.27928 3.33368
2.28228 3.32904
2.28529 3.32438
2.28829 3.31972
2.29129 3.31505
2.29429 3.31037
2.2973 3.30569
2.3003 3.301
2.3033 3.2963
2.30631 3.29159
2.30931 3.28688
2.31231 3.28216
2.31532 3.27743
2.31832 3.27269
2.32132 3.26794
2.32432 3.26319
2.32733 3.25843
2.33033 3.25366
2.33333 3.24889
2.33634 3.2441
2.33934 3.23931
2.34234 3.23451
2.34535 3.22971
2.34835 3.22489
2.35135 3.22007
2.35435 3.21524
2.35736 3.21041
2.36036 3.20556
2.36336 3.20071
2.36637 3.19585
2.36937 3.19098
2.37237 3.18611
2.37538 3.18123
2.37838 3.17634
2.38138 3.17144
2.38438 3.16653
2.38739 3.16162
2.39039 3.1567
2.39339 3.15177
2.3964 3.14684
2.3994 3.14189
2.4024 3.13694
2.40541 3.13198
2.40841 3.12702
2.41141 3.12204
2.41441 3.11706
2.41742 3.11207
2.42042 3.10708
2.42342 3.10207
2.42643 3.09706
2.42943 3.09204
2.43243 3.08701
2.43544 3.08198
2.43844 3.07694
2.44144 3.07189
2.44444 3.06683
2.44745 3.06176
2.45045 3.05669
2.45345 3.05161
2.45646 3.04652
2.45946 3.04142
2.46246 3.03632
2.46547 3.03121
2.46847 3.02609
2.47147 3.02097
2.47447 3.01583
2.47748 3.01069
2.48048 3.00554
2.48348 3.00038
2.48649 2.99522
2.48949 2.99005
2.49249 2.98487
2.4955 2.97968
2.4985 2.97449
2.5015 2.96928
2.5045 2.96407
2.50751 2.95886
2.51051 2.95363
2.51351 2.9484
2.51652 2.94316
2.51952 2.93791
2.52252 2.93265
2.52553 2.92739
2.52853 2.92212
2.53153 2.91684
2.53453 2.91155
2.53754 2.90626
2.54054 2.90096
2.54354 2.89565
2.54655 2.89033
2.54955 2.88501
2.55255 2.87967
2.55556 2.87433
2.55856 2.86899
2.56156 2.86363
2.56456 2.85827
2.56757 2.8529
2.57057 2.84752
2.57357 2.84214
2.57658 2.83674
2.57958 2.83134
2.58258 2.82593
2.58559 2.82052
2.58859 2.81509
2.59159 2.80966
2.59459 2.80422
2.5976 2.79878
2.6006 2.79332
2.6036 2.78786
2.60661 2.78239
2.60961 2.77691
2.61261 2.77143
2.61562 2.76594
2.61862 2.76044
2.62162 2.75493
2.62462 2.74942
2.62763 2.74389
2.63063 2.73836
2.63363 2.73282
2.63664 2.72728
2.63964 2.72173
2.64264 2.71617
2.64565 2.7106
2.64865 2.70502
2.65165 2.69944
2.65465 2.69385
2.65766 2.68825
2.66066 2.68264
2.66366 2.67703
2.66667 2.6714
2.66967 2.66577
2.67267 2.66014
2.67568 2.65449
2.67868 2.64884
2.68168 2.64318
2.68468 2.63751
2.68769 2.63184
2.69069 2.62616
2.69369 2.62046
2.6967 2.61477
2.6997 2.60906
2.7027 2.60335
2.70571 2.59763
2.70871 2.5919
2.71171 2.58616
2.71471 2.58042
2.71772 2.57467
2.72072 2.56891
2.72372 2.56314
2.72673 2.55737
2.72973 2.55159
2.73273 2.5458
2.73574 2.54
2.73874 2.53419
2.74174 2.52838
2.74474 2.52256
2.74775 2.51673
2.75075 2.5109
2.75375 2.50506
2.75676 2.49921
2.75976 2.49335
2.76276 2.48748
2.76577 2.48161
2.76877 2.47573
2.77177 2.46984
2.77477 2.46394
2.77778 2.45804
2.78078 2.45213
2.78378 2.44621
2.78679 2.44028
2.78979 2.43435
2.79279 2.4284
2.7958 2.42246
2.7988 2.4165
2.8018 2.41053
2.8048 2.40456
2.80781 2.39858
2.81081 2.39259
2.81381 2.3866
2.81682 2.38059
2.81982 2.37458
2.82282 2.36857
2.82583 2.36254
2.82883 2.35651
2.83183 2.35047
2.83483 2.34442
2.83784 2.33836
2.84084 2.3323
2.84384 2.32623
2.84685 2.32015
2.84985 2.31406
2.85285 2.30796
2.85586 2.30186
2.85886 2.29575
2.86186 2.28964
2.86486 2.28351
2.86787 2.27738
2.87087 2.27124
2.87387 2.26509
2.87688 2.25894
2.87988 2.25277
2.88288 2.2466
2.88589 2.24042
2.88889 2.23424
2.89189 2.22804
2.89489 2.22184
2.8979 2.21563
2.9009 2.20942
2.9039 2.20319
2.90691 2.19696
2.90991 2.19072
2.91291 2.18448
2.91592 2.17822
2.91892 2.17196
2.92192 2.16569
2.92492 2.15941
2.92793 2.15313
2.93093 2.14683
2.93393 2.14053
2.93694 2.13423
2.93994 2.12791
2.94294 2.12159
2.94595 2.11526
2.94895 2.10892
2.95195 2.10257
2.95495 2.09622
2.95796 2.08986
2.96096 2.08349
2.96396 2.07711
2.96697 2.07073
2.96997 2.06434
2.97297 2.05794
2.97598 2.05153
2.97898 2.04512
2.98198 2.03869
2.98498 2.03226
2.98799 2.02583
2.99099 2.01938
2.99399 2.01293
2.997 2.00647
3 2
